586
603
633
731
1100
1160
1183
1190
286
308
311
379
439
550
1068
1202
1395
248
284
400
509
533
612
877
1158
182
194
324
677
728
732
893
1455
246
287
414
448
531
606
891
921
1429
295
340
401
471
593
617
656
806
1108
325
448
503
519
539
566
716
746
1269
1291
272
339
382
466
502
740
949
1120
1195
258
377
411
503
931
963
1146
1197
224
338
376
403
475
750
1035
1114
375
415
508
583
649
726
979
1064
276
353
577
590
678
773
794
174
256
322
381
398
477
512
725
1484
301
344
435
450
589
768
892
1011
1112
1281
464
537
596
641
1300
1452
1511
1547
252
349
499
575
635
787
1051
428
514
582
644
783
1078
1223
1421
540
644
661
706
894
947
995
1571
316
359
430
567
693
704
757
1202
249
350
508
688
773
826
859
932
1045
1567
350
375
527
529
681
711
780
1242
342
543
648
717
731
980
1085
1152
373
620
707
885
989
1078
1152
1220
1327
424
482
574
599
619
659
815
1227
1321
360
486
546
718
768
909
926
1145
1427
302
315
420
427
530
793
860
904
512
527
536
727
993
993
1237
1362
343
645
706
732
739
795
808
949
1145
1501
474
544
566
571
686
1187
1392
159
259
410
428
540
583
864
972
1413
1438
523
586
653
685
696
709
987
1036
132
319
667
863
894
903
960
1242
437
541
740
965
1037
1453
221
520
636
664
749
753
873
975
1288
178
252
334
460
639
1474
255
329
409
425
633
745
1287
1391
409
476
485
532
567
569
776
920
1305
296
444
696
928
973
1296
1544
1562
455
483
550
663
715
768
783
1306
1482
148
223
327
379
403
620
875
938
1039
237
258
580
915
963
1028
1205
1259
398
422
486
494
530
555
832
965
1576
1585
228
292
309
359
460
489
977
1403
210
293
301
332
491
529
981
1012
1237
1445
111
310
327
348
486
509
541
853
923
308
313
346
411
556
876
971
1033
1156
241
279
363
434
674
778
1292
410
509
525
537
678
725
726
730
1248
169
449
570
588
589
595
1044
1106
1354
420
480
517
650
651
967
1010
1139
1240
174
422
459
475
494
553
674
1072
218
304
360
424
529
797
855
1079
295
465
466
565
587
695
712
719
850
1432
416
442
472
508
602
742
788
935
1254
1426
183
363
440
479
591
594
677
1010
1180
338
388
479
540
645
861
1141
1345
1484
406
516
525
744
759
865
965
1147
1567
191
315
394
436
482
606
810
1078
1523
309
428
610
664
770
786
815
891
1111
1407
388
442
492
543
609
678
948
1501
453
503
540
561
597
883
1088
1406
1534
253
349
660
766
897
1240
1388
411
586
934
978
993
1261
1369
1432
446
591
598
867
897
1217
1369
1432
374
381
474
500
676
821
987
1514
1570
259
342
348
388
567
691
751
836
1553
200
264
296
298
381
592
809
866
933
1438
154
436
444
465
563
594
610
842
882
187
419
492
720
818
949
976
1027
1160
229
353
472
537
654
1152
1217
1382
235
334
383
564
657
738
817
984
1451
547
666
705
759
792
1052
1056
1146
211
338
510
677
705
760
932
1145
1442
305
346
407
408
680
827
902
912
1127
329
594
619
747
787
789
1075
1460
191
490
574
639
815
865
884
1125
272
468
512
756
814
882
1085
1331
1504
220
235
258
517
530
587
678
1319
1389
293
308
319
410
528
761
779
977
1014
273
463
513
527
664
729
752
777
913
186
428
584
663
795
979
1198
1557
356
411
553
567
594
780
1054
1522
1527
195
254
353
422
534
745
974
1226
1449
426
453
453
657
989
995
1124
442
671
680
684
738
857
901
946
1582
169
267
270
449
873
961
1074
1345
292
419
533
655
656
687
711
757
1297
1324
249
314
494
759
816
825
937
1307
362
564
608
639
778
992
999
1023
1202
317
459
525
584
602
694
718
1355
102
193
238
418
630
714
964
1242
1486
271
338
367
435
787
861
995
1365
1502
392
668
691
848
910
1030
1140
1547
1577
311
473
526
550
891
1003
1177
1205
615
636
746
775
804
925
940
1419
236
345
642
679
688
736
826
1102
312
422
486
625
744
808
867
1518
1581
227
317
377
654
707
748
788
1502
523
566
597
625
906
955
1000
354
483
582
611
718
801
891
1012
